1
2
2
2
4
6
2
7
2
6
6
7
4
13
6
6
9
16
14
18
1
8
18
15
2
25
6
24
14
8
13
12
9
22
23
18
22
9
29
13
8
13
26
29
44
5
3
40
6
6
34
10
23
40
45
23
20
57
33
54
42
35
50
18
1
30
13
64
4
50
68
68
15
72
8
19
34
44
19
69
57
3
24
31
64
74
39
31
41
71
20
24
40
4
50
20
44
40
51
91
75
79
25
41
55
106
74
106
69
70
35
61
53
104
86
4
83
38
90
73
48
99
71
107
74
18
67
93
108
12
128
84
85
8
99
130
125
1
118
124
44
65
1
111
124
64
41
3
65
138
126
43
88
23
138
133
149
47
14
17
72
19
25
49
84
155
12
82
136
9
1
143
166
23
46
86
163
90
49
9
124
64
144
151
175
37
176
179
178
112
2
165
109
150
105
112
8
47
22
115
6
28
63
24
125
78
128
47
68
56
33
74
109
14
20
148
58
61
67
126
25
81
211
171
105
35
159
39
81
106
168
150
202
120
26
1
174
84
125
177
105
197
81
202
45
106
77
45
76
218
146
192
16
177
30
132
231
131
145
178
175
255
189
95
48
138
220
83
200
95
17
206
132
69
161
33
5
26
70
15
33
36
97
204
233
136
228
156
58
163
124
52
203
262
224
222
73
12
273
4
45
155
235
140
205
215
283
302
240
273
211
88
272
266
74
190
266
216
286
111
129
232
78
113
37
289
136
3
101
173
294
319
269
158
325
102
186
45
251
194
124
129
246
343
254
67
203
84
107
12
109
55
144
311
124
49
140
345
67
111
110
199
197
74
235
183
157
6
67
249
279
79
246
310
37
186
339
4
9
160
1
137
1
372
322
215
313
336
179
268
149
38
92
254
152
167
125
188
241
305
125
229
29
270
76
13
277
404
170
350
140
140
25
72
197
51
205
59
135
82
219
383
124
248
401
142
245
49
195
393
260
369
378
331
267
245
404
100
15
413
187
171
24
51
337
166
334
178
184
335
362
117
394
129
189
424
136
111
279
376
336
326
302
268
154
425
373
308
133
311
139
32
248
62
49
164
296
37
228
394
245
405
371
92
309
377
156
111
78
451
5
172
118
335
262
149
144
497
243
178
